187
185
985
85
959
333
367
599
97
453
157
961
585
369
291
901
565
971
363
203
859
777
553
11
371
927
129
461
343
273
123
217
227
613
51
147
245
201
3
73
451
57
923
367
649
317
479
901
869
753
1
821
131
861
513
327
727
897
395
161
659
133
461
837
551
9
957
275
919
809
471
11
841
477
861
599
851
775
961
701
35
211
213
805
749
927
807
707
75
655
487
251
431
157
293
661
679
563
451
591
341
287
311
971
171
179
957
169
367
165
255
957
781
661
651
293
415
459
577
431
839
695
103
277
809
741
485
555
377
641
169
959
449
371
511
181
941
531
91
273
421
665
699
473
337
949
921
513
137
215
207
867
183
877
47
861
355
957
163
203
217
135
999
891
639
301
747
523
157
971
833
219
811
343
365
527
563
985
457
293
105
533
287
149
261
767
565
23
549
749
641
363
929
753
691
707
721
491
129
681
561
621
389
169
765
819
517
559
491
355
321
473
929
473
883
769
485
251
889
113
53
745
275
73
815
201
693
189
121
993
29
607
533
203
31
877
755
467
219
737
53
747
207
47
587
833
845
185
467
639
719
175
385
649
507
57
999
503
557
13
901
59
367
73
715
643
615
511
925
237
109
947
839
139
211
951
623
331
547
167
593
565
653
813
625
629
171
315
491
697
45
697
499
763
531
783
415
595
183
515
569
191
393
593
403
51
573
525
79
459
605
239
767
777
369
477
713
143
155
185
443
181
579
591
521
589
113
287
627
999
585
473
201
687
155
767
725
683
675
783
409
273
881
475
561
363
505
299
365
249
139
613
767
601
23
797
289
165
1
229
933
661
313
847
293
623
987
271
553
867
739
661
433
557
665
425
433
21
881
937
365
177
483
559
509
495
915
339
595
887
521
441
739
681
331
663
791
633
791
607
551
709
623
959
755
55
593
29
829
369
923
357
519
621
415
887
293
329
495
421
149
127
505
59
349
459
417
729
695
735
661
621
601
137
625
835
975
319
629
881
471
581
439
161
711
43
215
581
227
563
521
697
925
9
461
293
371
709
29
17
149
987
325
195
709
855
313
199
377
913
89
793
401
563
805
747
5
437
581
489
189
887
381
839
185
557
345
211
525
559
353
731
463
799
735
107
701
663
189
635
55
813
895
593
937
211
909
713
365
897
747
657
817
297
635
851
343
429
