954
32
164
354
162
908
314
574
276
70
358
662
126
74
874
904
706
532
856
760
16
222
164
624
998
308
298
676
546
288
130
2
52
894
510
376
196
936
376
828
770
258
316
730
714
658
56
254
174
124
324
998
456
254
100
116
178
192
882
144
570
434
658
416
738
172
430
760
332
794
964
618
828
174
336
684
138
662
716
942
774
796
500
936
144
660
298
386
344
960
80
508
874
822
98
114
318
190
840
790
466
360
292
160
852
896
450
70
276
766
278
626
234
732
182
266
726
152
760
968
918
180
766
96
174
706
994
494
114
692
100
408
90
238
974
916
222
834
62
404
912
912
420
920
412
834
110
952
608
634
538
228
806
684
746
370
938
970
562
196
998
544
662
720
294
764
250
928
32
360
454
668
662
674
760
74
468
692
768
500
650
534
124
918
686
18
658
946
148
962
236
836
518
192
488
784
332
248
440
968
576
226
364
584
76
240
954
868
530
642
14
768
658
754
738
26
188
550
532
876
628
326
540
668
730
878
230
442
668
658
590
156
324
862
12
650
144
398
634
346
554
202
816
864
280
740
596
654
84
416
268
358
218
336
418
944
868
894
356
574
660
52
76
140
246
210
734
340
678
158
798
466
884
328
976
696
452
824
812
252
654
820
30
766
700
510
926
418
500
602
638
12
578
70
246
634
84
288
540
912
392
830
36
800
450
670
448
412
162
60
260
466
970
202
396
318
744
656
348
574
360
340
530
344
262
478
994
546
192
394
182
718
916
596
580
524
450
158
390
100
870
270
280
96
24
472
468
434
550
834
538
442
548
208
330
222
154
158
150
650
506
790
390
772
554
330
714
240
278
640
880
882
716
774
928
136
818
900
450
974
992
32
442
902
226
94
634
444
326
820
606
346
670
558
340
716
320
348
546
466
222
504
348
948
178
504
886
692
616
912
454
506
918
428
414
710
354
556
772
538
20
768
478
962
802
492
276
842
488
816
624
340
478
782
506
138
902
624
356
736
994
94
420
368
158
704
386
960
794
474
886
106
490
678
904
758
128
510
982
846
374
330
966
864
834
934
246
918
24
622
442
716
456
120
10
664
138
950
184
736
904
434
